1 0.53462 0.51988 0.022 0.03628
1 0.55776 0.51752 0.01896 0.0362
1 0.6002000000000001 0.51546 0.02212 0.033979999999999996
1 0.5786 0.515 0.016 0.03146
3 0.5139199999999999 0.4713 0.01728 0.03306
3 0.53814 0.46996 0.02122 0.03134
10 0.55762 0.4691 0.01696 0.03244
6 0.5805800000000001 0.46932 0.019 0.03196
4 0.60194 0.4683 0.015359999999999999 0.03086
5 0.536 0.5633400000000001 0.023579999999999997 0.03444
1 0.5566 0.5639 0.01648 0.0327
0 0.56662 0.5784199999999999 0.009880000000000002 0.00872
1 0.57924 0.56224 0.022940000000000002 0.03222
2 0.60684 0.56326 0.01756 0.03144