3 0.4335616438356164 0.25746478873239437 0.10383561643835616 0.18352112676056337
3 0.5584931506849315 0.253943661971831 0.1078082191780822 0.19690140845070422
10 0.6864383561643835 0.2480281690140845 0.09342465753424659 0.1891549295774648
7 0.809041095890411 0.24746478873239436 0.10849315068493151 0.20014084507042254
4 0.9309589041095889 0.2405633802816901 0.10616438356164383 0.17816901408450705
1 0.5556164383561644 0.5216901408450704 0.09780821917808219 0.19746478873239437
1 0.6771232876712329 0.52 0.1026027397260274 0.19422535211267605
1 0.8106849315068493 0.5207042253521127 0.11164383561643836 0.19943661971830987
1 0.9335616438356165 0.5125352112676056 0.10726027397260274 0.18309859154929578
6 0.5534246575342465 0.7974647887323943 0.10534246575342467 0.19788732394366199
1 0.6753424657534246 0.7916901408450704 0.11890410958904109 0.18647887323943663
1 0.7978082191780822 0.7869014084507042 0.10575342465753425 0.19295774647887323
2 0.9526027397260275 0.7825352112676056 0.06602739726027397 0.17211267605633804